0 93.14
1 93.14
2 92.97
3 93.12
6 93.2
7 93.21
8 93.08
9 93.81
10 93.6
13 94.27
14 93.26
15 94.28
16 95.49
17 95.61
20 95.61
21 96.09
22 95.06
23 95.35
24 95.15
27 95.95
28 97.62
29 97.98
30 97.65
31 97.46
34 96.21
35 96.68
36 96.44
37 95.84
38 95.71
41 97.01
42 97.48
43 97.03
44 97.3
45 95.95
48 95.95
49 96.69
50 94.92
51 92.79
52 93.12
55 92.74
56 92.63
57 92.84
58 92.03
59 90.71
62 90.13
63 90.88
64 90.47
65 91.53
66 92.01
68 92.07
69 92.44
70 92.47
71 93.03
72 93.49
75 93.71
76 92.44
77 93.21
78 92.46
79 93.41
82 94.55
83 95.99
84 96.53
85 97.24
86 97.24
89 97.1
90 97.23
91 95.02
92 93.26
93 92.76
96 93.36
97 94.18
98 94.59
99 93.44
100 91.23
103 88.75
104 88.73
105 86.65
106 87.83
107 88.04
110 88.81
111 89.21
112 91.07
113 93.27
114 92.63
117 94.09
118 93.22
119 90.74
120 93.7
121 95.25
124 95.8
125 95.28
126 96.24
127 96.09
128 95.81
131 94.76
132 93.96
133 93.95
134 94.85
135 95.72
138 96.29
139 95.55
140 93.98
141 94.12
142 93.84
145 93.84
146 94.65
147 93.13
148 93.57
149 91.93
152 93.41
153 93.36
154 93.66
155 94.71
156 96.11
159 95.82
160 95.5
161 95.98
162 96.66
163 97.83
166 97.86
167 98.46
168 98.24
169 94.89
170 93.81
173 95.07
174 95.25
175 95.47
176 97.0
177 96.36
180 97.94
181 99.65
182 101.92
183 101.92
184 103.09
187 103.03
188 103.46
189 106.41
190 104.77
191 105.85
194 106.2
195 105.88
196 106.39
197 107.94
198 108.0
201 106.61
202 107.13
203 105.41
204 105.47
205 104.76
208 104.61
209 103.14
210 105.1
211 107.93
212 106.94
215 106.61
216 105.32
217 104.41
218 103.45
219 106.04
222 106.19
223 106.78
224 106.89
225 107.43
226 107.58
229 107.14
230 104.9
231 103.93
232 104.93
233 106.48
236 105.88
237 109.11
238 110.17
239 108.51
240 107.98
243 107.98
244 108.67
245 107.29
246 108.5
247 110.62
250 109.62
251 107.48
252 107.65
253 108.72
254 108.31
257 106.54
258 105.36
259 108.23
260 106.26
261 104.7
264 103.62
265 103.22
266 102.68
267 103.1
268 102.86
271 102.36
272 102.09
273 104.15
274 103.29
275 103.83
278 103.07
279 103.54
280 101.63
281 103.08
282 102.17
285 102.46
286 101.15
287 102.34
288 100.72
289 100.87
292 99.28
293 97.63
294 96.9
295 96.65
296 97.4
299 98.74
300 98.29
301 96.81
302 96.29
303 94.56
307 94.58
308 93.4
309 94.74
310 94.25
311 94.56
314 95.13
315 93.12
316 93.91
317 93.76
318 93.8
321 93.03
322 93.35
323 93.34
324 95.35
325 94.53
328 93.86
329 93.41
330 92.05
331 92.05
332 92.55
335 93.61
336 95.83
337 96.97
338 97.14
339 97.48
342 97.1
343 98.32
344 97.25
345 97.21
346 96.27
349 97.18
350 96.99
351 97.59
352 98.4
353 99.11
356 98.62
357 98.87
358 98.87
359 99.18
360 99.94
363 98.9
364 98.17
365 98.17
366 95.14
367 93.66
370 93.12
371 93.31
372 91.9
373 91.36
374 92.39
377 91.45
378 92.15
379 93.78
380 93.54
381 93.96
384 93.96
385 94.51
386 96.35
387 97.23
388 96.66
391 95.82
392 97.49
393 97.34
394 98.25
395 97.55
398 96.44
399 97.24
400 97.4
401 97.84
402 99.98
405 100.12
406 99.96
407 100.38
408 100.27
409 100.31
412 100.31
413 102.54
414 103.46
415 103.2
416 102.53
419 103.17
420 102.2
421 102.93
422 102.68
423 102.88
426 105.34
427 103.64
428 101.75
429 101.82
430 102.82
432 101.39
433 100.29
434 98.29
435 98.57
436 99.23
439 98.43
440 100.08
441 100.71
442 99.68
443 99.97
446 100.05
447 99.66
448 100.61
449 101.25
450 101.73
453 101.57
454 99.69
455 99.6
456 100.29
457 101.16
460 100.43
461 102.57
462 103.55
463 103.37
464 103.68
467 104.05
468 103.7
469 103.71
470 104.33
471 104.33
474 104.35
475 101.69
476 101.47
477 102.2
478 100.85
481 101.13
482 101.56
483 100.07
484 99.69
485 100.09
488 99.74
489 99.81
490 101.06
491 100.52
492 100.32
495 100.89
496 102.01
497 102.63
498 101.74
499 102.31
502 102.95
503 102.8
504 104.31
505 104.03
506 105.01
509 105.01
510 104.78
511 103.37
512 104.26
513 103.4
516 103.07
517 103.34
518 103.27
519 103.17
520 103.32
523 105.09
524 105.02
525 105.04
526 107.2
527 107.49
530 107.52
531 106.95
532 106.64
533 107.08
534 107.95
537 106.83
538 106.64
539 107.04
540 106.49
541 106.46
544 106.07
545 106.06
546 105.18
547 104.76
548 104.76
551 104.19
552 104.06
553 102.93
554 103.61
555 101.48
558 101.73
559 100.56
560 101.88
561 103.84
562 103.83
565 105.34
566 104.59
567 103.81
568 102.76
569 105.23
572 105.68
573 104.91
574 104.29
575 98.23
576 97.86
579 98.26
580 97.34
581 96.93
582 97.34
583 97.61
586 98.09
587 97.36
588 97.57
589 95.54
590 97.3
593 96.44
594 94.35
595 96.4
596 93.97
597 93.61
600 95.39
601 95.78
602 95.82
603 96.44
604 97.86
607 97.86
608 92.92
609 95.5
610 94.51
611 93.32
614 92.64
615 92.73
616 91.71
617 92.89
618 92.18
621 92.86
622 94.91
623 94.33
624 93.07
625 92.43
628 91.46
629 91.55
630 93.6
631 93.59
632 95.55
635 94.53
636 91.17
637 90.74
638 91.02
639 89.76
642 90.33
643 88.89
644 87.29
645 85.76
646 85.87
649 85.73
650 81.72
651 81.82
652 82.33
653 82.8
656 82.76
657 83.25
658 80.52
659 82.81
660 81.27
663 81.26
664 81.36
665 82.25
666 81.06
667 80.53
671 78.77
672 77.15
673 78.71
674 77.87
675 78.71
678 77.43
679 77.85
680 77.16
681 74.13
682 75.91
685 75.64
686 74.55
687 74.55
688 75.63
689 76.52
692 75.74
693 74.04
694 73.7
695 73.7
696 65.94
699 68.98
700 66.99
701 67.3
702 66.73
703 65.89
706 63.13
707 63.74
708 60.99
709 60.01
710 57.81
713 55.96
714 55.97
715 56.43
716 54.18
717 56.91
720 55.25
721 56.78
722 55.7
723 55.7
724 54.59
727 53.46
728 54.14
729 53.45
730 53.45
731 52.72
734 50.05
735 47.98
736 48.69
737 48.8
738 48.35
741 46.06
742 45.92
743 48.49
744 46.37
745 48.49
748 48.49
749 46.79
750 47.85
751 45.93
752 45.26
755 44.8
756 45.84
757 44.08
758 44.12
759 47.79
762 49.25
763 53.04
764 48.45
765 50.48
766 51.66
769 52.99
770 50.06
771 48.8
772 51.17
773 52.66
776 52.66
777 53.56
778 52.13
779 51.12
780 49.95
783 49.56
784 48.48
785 50.25
786 47.65
787 49.84
790 49.59
791 50.43
792 51.53
793 50.76
794 49.61
796 49.95
797 48.42
798 48.06
799 47.12
800 44.88
803 43.93
804 43.39
805 44.63
806 44.02
807 46.0
810 47.4
811 47.03
812 48.75
813 51.41
814 48.83
817 48.66
818 47.72
819 50.12
820 49.13
821 49.13
824 52.08
825 53.95
826 50.44
827 50.79
828 51.63
831 51.95
832 53.3
833 56.25
834 56.69
835 55.71
838 56.37
839 55.58
840 56.17
841 56.59
842 55.98
845 55.56
846 57.05
847 58.55
848 59.62
849 59.1
852 58.92
853 60.38
854 60.93
855 58.99
856 59.41
859 59.23
860 60.72
861 60.5
862 59.89
863 59.73
866 59.44
867 57.3
868 58.96
869 60.18
870 58.88
873 58.88
874 57.29
875 57.51
876 57.69
877 60.25
880 60.24
881 61.3
882 59.67
883 58.0
884 59.11
887 58.15
888 60.15
889 61.36
890 60.74
891 59.96
894 59.53
895 60.01
896 59.89
897 60.41
898 59.62
901 60.01
902 61.05
903 60.01
904 59.59
905 59.41
908 58.34
909 59.48
910 56.94
911 56.93
912 56.93
915 52.48
916 52.33
917 51.61
918 52.76
919 52.74
922 52.19
923 53.05
924 51.4
925 50.9
926 50.88
929 50.11
930 50.59
931 49.27
932 48.11
933 47.98
936 47.17
937 47.97
938 48.77
939 48.53
940 47.11
943 45.25
944 45.75
945 45.13
946 44.69
947 43.87
950 44.94
951 43.11
952 43.22
953 42.27
954 42.45
957 41.93
958 42.58
959 40.75
960 41.0
961 40.45
964 38.22
965 39.15
966 38.5
967 42.47
968 45.29
971 49.2
972 45.38
973 46.3
974 46.75
975 46.02
978 46.02
979 45.92
980 44.13
981 45.85
982 44.75
985 44.07
986 44.58
987 47.12
988 46.93
989 44.71
992 46.67
993 46.17
994 44.53
995 44.94
996 45.55
999 44.4
1000 45.24
1001 45.06
1002 44.75
1003 45.54
1006 46.28
1007 48.53
1008 47.86
1009 49.46
1010 49.67
1013 47.09
1014 46.7
1015 46.63
1016 46.38
1017 47.3
1020 45.91
1021 45.84
1022 45.22
1023 44.9
1024 43.91
1027 43.19
1028 43.21
1029 45.93
1030 46.02
1031 46.6
1035 46.12
1036 47.88
1037 46.32
1038 45.27
1039 44.32
1042 43.87
1043 44.23
1044 42.95
1045 41.74
1046 40.69
1049 41.68
1050 40.73
1051 40.75
1052 40.55
1053 39.39
1056 39.27
1057 40.89
1058 41.22
1059 41.22
1060 40.57
1063 40.43
1064 40.58
1065 39.93
1066 41.08
1067 40.0
1070 37.64
1071 37.46
1072 37.16
1073 36.76
1074 35.65
1077 36.31
1078 37.32
1079 35.55
1080 34.98
1081 34.72
1084 34.55
1085 36.12
1086 36.76
1087 37.62
1088 37.62
1091 36.36
1092 37.88
1093 36.59
1094 37.13
1095 37.13
1098 36.81
1099 35.97
1100 33.97
1101 33.29
1102 33.2
1105 31.42
1106 30.42
1107 30.42
1108 31.22
1109 29.45
1112 29.45
1113 28.47
1114 26.68
1115 29.55
1116 32.07
1119 30.31
1120 29.54
1121 32.32
1122 33.21
1123 33.66
1126 31.62
1127 29.9
1128 32.29
1129 31.63
1130 30.86
1133 29.71
1134 27.96
1135 27.54
1136 26.19
1137 29.32
1140 29.32
1141 29.05
1142 30.68
1143 30.77
1144 29.59
1147 31.37
1148 31.84
1149 30.35
1150 31.4
1151 31.65
1154 32.74
1155 34.39
1156 34.57
1157 34.56
1158 35.91
1161 37.9
1162 36.67
1163 37.62
1164 37.77
1165 38.51
1167 37.2
1168 36.32
1169 38.43
1170 40.17
1171 39.47
1174 39.91
1175 41.45
1176 38.28
1177 38.14
1178 38.14
1181 37.99
1182 36.91
1183 36.91
1184 36.94
1185 35.36
1188 34.3
1189 34.52
1190 37.74
1191 37.3
1192 39.74
1195 40.46
1196 42.12
1197 41.7
1198 41.45
1199 40.4
1202 39.74
1203 40.88
1204 42.72
1205 43.18
1206 42.76
1209 41.67
1210 42.52
1211 45.29
1212 46.03
1213 45.98
1216 44.75
1217 43.65
1218 43.77
1219 44.33
1220 44.58
1223 43.45
1224 44.68
1225 46.21
1226 46.64
1227 46.22
1230 47.72
1231 48.29
1232 48.12
1233 48.16
1234 47.67
1237 48.12
1238 48.04
1239 49.1
1240 49.0
1241 49.36
1244 49.36
1245 49.1
1246 49.07
1247 49.14
1248 48.69
1251 49.71
1252 50.37
1253 51.23
1254 50.52
1255 49.09
1258 48.89
1259 48.49
1260 47.92
1261 46.14
1262 48.0
1265 49.4
1266 48.95
1267 49.16
1268 49.34
1269 46.7
1272 45.8
1273 47.93
1274 49.85
1275 48.27
1276 49.02
1279 49.02
1280 46.73
1281 47.37
1282 45.22
1283 45.37
1286 44.73
1287 46.82
1288 44.87
1289 45.64
1290 45.93
1293 45.23
1294 44.64
1295 44.96
1296 43.96
1297 43.41
1300 42.4
1301 42.16
1302 41.9
1303 41.13
1304 41.54
1307 40.05
1308 39.5
1309 40.8
1310 41.92
1311 41.83
1314 43.06
1315 42.78
1316 41.75
1317 43.51
1318 44.47
1321 45.72
1322 46.57
1323 46.81
1324 48.2
1325 48.48
1328 46.8
1329 47.54
1330 46.29
1331 46.97
1332 47.64
1335 46.97
1336 46.32
1337 44.68
1338 43.17
1339 44.39
1342 44.39
1343 44.85
1344 45.47
1345 47.63
1346 45.88
1349 46.28
1350 44.91
1351 43.62
1352 43.85
1353 43.04
1356 43.34
1357 43.85
1358 45.33
1359 46.1
1360 44.36
1363 45.6
1364 44.65
1365 47.07
1366 47.72
1367 47.72
1370 48.8
1371 48.67
1372 49.75
1373 50.44
1374 49.76
1377 49.76
1378 50.72
1379 50.14
1380 50.47
1381 50.35
1384 49.97
1385 50.3
1386 51.59
1387 50.31
1388 50.61
1391 50.18
1392 49.45
1393 48.75
1394 49.71
1395 48.72
1398 46.83
1399 46.66
1400 45.32
1401 44.66
1402 44.07
1406 44.88
1407 44.96
1408 45.2
1409 44.62
1410 43.39
1413 43.29
1414 45.86
1415 45.56
1416 45.37
1417 45.69
1420 47.48
1421 48.07
1422 46.72
1423 46.72
1424 46.72
1427 45.66
1428 45.29
1429 49.41
1430 51.08
1431 51.7
1434 51.72
1435 50.95
1436 49.85
1437 50.84
1438 51.51
1441 52.74
1442 52.99
1443 51.01
1444 50.9
1445 51.93
1448 52.13
1449 52.22
1450 51.44
1451 51.98
1452 52.01
1455 52.01
1456 52.82
1457 54.01
1458 53.8
1459 53.75
1462 53.75
1463 52.36
1464 53.26
1465 53.77
1466 53.98
1469 51.95
1470 50.82
1471 52.19
1472 53.01
1473 52.36
1476 52.36
1477 52.45
1478 51.12
1479 51.39
1480 52.33
1483 52.77
1484 52.38
1485 52.14
1486 53.24
1487 53.18
1490 52.63
1491 52.75
1492 53.9
1493 53.55
1494 53.81
1497 53.01
1498 52.19
1499 52.37
1500 52.99
1501 53.84
1504 52.96
1505 53.21
1506 53.11
1507 53.41
1508 53.41
1511 53.41
1512 54.02
1513 53.61
1514 54.48
1515 53.99
1518 54.04
1519 54.0
1520 53.82
1521 52.63
1522 53.33
1525 53.19
1526 52.68
1527 49.83
1528 48.75
1529 48.05
1531 47.95
1532 47.24
1533 48.34
1534 48.3
1535 48.34
1538 47.79
1539 47.02
1540 47.29
1541 47.0
1542 47.3
1545 47.02
1546 48.36
1547 49.47
1548 50.3
1549 50.54
1552 50.25
1553 50.99
1554 51.14
1555 51.69
1556 52.25
1559 53.06
1560 53.38
1561 53.12
1562 53.19
1563 53.19
1566 52.62
1567 52.46
1568 50.49
1569 50.26
1570 49.64
1573 48.9
1574 49.22
1575 49.22
1576 48.96
1577 49.31
1580 48.83
1581 47.65
1582 47.79
1583 45.55
1584 46.23
1587 46.46
1588 45.84
1589 47.28
1590 47.81
1591 47.83
1594 48.86
1595 48.64
1596 49.04
1597 49.36
1598 50.32
1601 50.81
1602 51.12
1603 50.99
1604 48.57
1605 49.58
1608 49.58
1609 49.63
1610 48.29
1611 48.32
1612 47.68
1615 47.4
1616 48.13
1617 45.8
1618 45.68
1619 45.82
1622 46.1
1623 46.41
1624 44.79
1625 44.47
1626 44.73
1629 44.24
1630 43.34
1631 42.48
1632 42.53
1633 42.86
1636 43.24
1637 44.25
1638 44.74
1639 44.88
1640 46.02
1643 46.02
1644 46.02
1645 45.11
1646 45.52
1647 44.25
1650 44.4
1651 45.06
1652 45.48
1653 46.06
1654 46.53
1657 46.02
1658 46.4
1659 47.1
1660 46.73
1661 45.78
1664 46.21
1665 47.77
1666 48.58
1667 49.05
1668 49.72
1671 50.21
1672 49.19
1673 49.6
1674 49.03
1675 49.57
1678 49.37
1679 49.07
1680 49.59
1681 48.54
1682 48.81
1685 47.59
1686 47.57
1687 46.8
1688 47.07
1689 48.59
1692 47.39
1693 47.65
1694 48.45
1695 47.24
1696 47.65
1699 46.4
1700 46.46
1701 45.96
1702 47.26
